With normal method:
sin(2)=0.909297426825682
sin(2)=0.909297426825682
i=10
y=40
J*J=(-1,0)
J.pow(J)=(0.207879576350762,0)
