2.94	8.65	5.60	9.47	8.09	1.23	4.99	4.97	4.26	3.58	1.99	6.31	5.57	2.21	0.72	9.02	8.56	4.15	2.86	0.40	1.39	5.27	5.22	2.79	6.24	0.28	9.78	4.12	1.12	8.88	
-8.65	6.98	1.81	3.49	6.95	8.55	0.81	2.95	8.57	5.04	7.84	3.40	0.98	7.52	7.03	3.63	5.28	2.29	4.35	1.00	4.66	5.15	1.65	1.27	5.00	0.87	4.08	8.91	5.11	1.69	
-5.60	-1.81	1.98	3.80	0.30	7.58	9.94	2.44	6.61	4.40	2.05	1.89	0.09	9.94	4.31	3.59	6.78	3.63	7.10	9.56	6.43	6.86	8.23	7.58	4.61	3.54	4.68	8.46	2.73	1.53	
-9.47	-3.49	-3.80	2.50	0.82	4.76	4.56	5.04	8.08	6.18	1.05	3.88	1.07	1.04	1.30	4.95	1.51	8.05	0.74	0.94	4.53	4.11	3.29	1.99	2.84	1.70	3.91	1.40	7.58	7.71	
-8.09	-6.95	-0.30	-0.82	5.02	2.16	5.13	0.64	5.49	7.59	6.67	6.98	7.58	9.78	9.61	6.57	7.41	7.56	9.28	3.25	6.80	5.50	4.83	1.85	0.64	4.82	6.67	1.27	0.27	6.17	
-1.23	-8.55	-7.58	-4.76	-2.16	9.04	5.46	6.90	8.35	0.71	7.04	9.98	7.39	9.84	3.13	4.77	9.73	5.72	2.24	1.42	3.26	3.90	7.49	8.26	7.28	3.62	0.64	7.93	5.09	2.71	
-4.99	-0.81	-9.94	-4.56	-5.13	-5.46	5.84	8.93	6.13	8.00	5.72	0.98	2.24	5.28	1.92	2.46	1.39	5.84	3.39	1.06	8.30	2.46	1.24	9.27	7.73	0.82	0.06	2.87	5.94	1.64	
-4.97	-2.95	-2.44	-5.04	-0.64	-6.90	-8.93	3.75	4.89	0.99	8.52	6.68	4.43	2.30	6.47	1.04	0.20	8.26	1.13	6.98	8.11	2.91	5.48	3.85	5.12	7.09	3.74	3.83	4.84	9.68	
-4.26	-8.57	-6.61	-8.08	-5.49	-8.35	-6.13	-4.89	5.15	7.96	0.85	6.66	4.04	1.31	0.07	5.64	3.82	5.99	1.19	8.24	9.16	6.47	0.95	6.20	6.77	5.01	0.36	6.75	1.90	3.53	
-3.58	-5.04	-4.40	-6.18	-7.59	-0.71	-8.00	-0.99	-7.96	4.37	2.59	7.49	2.68	7.27	6.58	6.88	5.39	8.68	9.03	4.27	3.02	4.58	5.71	5.28	6.39	5.75	6.41	2.41	5.02	8.80	
-1.99	-7.84	-2.05	-1.05	-6.67	-7.04	-5.72	-8.52	-0.85	-2.59	7.09	8.86	9.81	1.64	5.97	7.65	5.74	4.41	5.01	7.08	2.62	7.36	4.09	7.46	5.44	6.85	4.19	1.11	2.93	1.12	
-6.31	-3.40	-1.89	-3.88	-6.98	-9.98	-0.98	-6.68	-6.66	-7.49	-8.86	3.06	6.94	2.51	8.14	3.58	7.46	1.96	7.68	3.53	8.84	6.06	4.78	9.94	2.02	3.66	3.42	9.07	5.50	7.65	
-5.57	-0.98	-0.09	-1.07	-7.58	-7.39	-2.24	-4.43	-4.04	-2.68	-9.81	-6.94	5.92	2.29	1.13	3.62	3.35	9.54	0.56	1.10	0.24	8.96	6.12	5.21	7.25	6.43	1.96	6.22	9.09	7.85	
-2.21	-7.52	-9.94	-1.04	-9.78	-9.84	-5.28	-2.30	-1.31	-7.27	-1.64	-2.51	-2.29	7.31	8.61	4.27	5.07	8.31	5.25	5.22	6.27	8.69	9.50	5.88	5.50	3.21	2.77	3.60	8.94	0.94	
-0.72	-7.03	-4.31	-1.30	-9.61	-3.13	-1.92	-6.47	-0.07	-6.58	-5.97	-8.14	-1.13	-8.61	0.61	3.71	1.64	2.21	8.94	7.66	7.73	5.74	9.57	2.21	9.39	8.92	4.62	2.69	7.88	7.49	
-9.02	-3.63	-3.59	-4.95	-6.57	-4.77	-2.46	-1.04	-5.64	-6.88	-7.65	-3.58	-3.62	-4.27	-3.71	8.15	8.71	6.35	6.92	8.78	6.42	4.57	0.42	9.07	7.22	7.55	4.93	2.85	2.52	0.43	
-8.56	-5.28	-6.78	-1.51	-7.41	-9.73	-1.39	-0.20	-3.82	-5.39	-5.74	-7.46	-3.35	-5.07	-1.64	-8.71	8.45	8.13	9.46	4.36	3.30	5.03	1.30	4.97	1.68	2.33	2.24	2.50	1.13	3.41	
-4.15	-2.29	-3.63	-8.05	-7.56	-5.72	-5.84	-8.26	-5.99	-8.68	-4.41	-1.96	-9.54	-8.31	-2.21	-6.35	-8.13	6.66	1.97	9.56	3.41	4.14	9.35	1.67	1.86	3.16	9.76	3.36	0.69	2.11	
-2.86	-4.35	-7.10	-0.74	-9.28	-2.24	-3.39	-1.13	-1.19	-9.03	-5.01	-7.68	-0.56	-5.25	-8.94	-6.92	-9.46	-1.97	7.41	3.41	3.85	10.00	5.84	0.99	7.89	8.82	2.54	8.91	6.32	7.11	
-0.40	-1.00	-9.56	-0.94	-3.25	-1.42	-1.06	-6.98	-8.24	-4.27	-7.08	-3.53	-1.10	-5.22	-7.66	-8.78	-4.36	-9.56	-3.41	0.08	9.32	3.12	5.21	3.63	9.50	0.43	3.56	1.20	9.96	7.93	
-1.39	-4.66	-6.43	-4.53	-6.80	-3.26	-8.30	-8.11	-9.16	-3.02	-2.62	-8.84	-0.24	-6.27	-7.73	-6.42	-3.30	-3.41	-3.85	-9.32	3.01	2.94	2.69	1.65	8.66	0.19	5.25	6.05	2.56	2.74	
-5.27	-5.15	-6.86	-4.11	-5.50	-3.90	-2.46	-2.91	-6.47	-4.58	-7.36	-6.06	-8.96	-8.69	-5.74	-4.57	-5.03	-4.14	-10.00	-3.12	-2.94	8.23	8.44	1.97	9.57	1.82	8.66	5.81	5.81	8.45	
-5.22	-1.65	-8.23	-3.29	-4.83	-7.49	-1.24	-5.48	-0.95	-5.71	-4.09	-4.78	-6.12	-9.50	-9.57	-0.42	-1.30	-9.35	-5.84	-5.21	-2.69	-8.44	7.81	4.18	4.36	9.47	8.97	5.26	6.47	9.02	
-2.79	-1.27	-7.58	-1.99	-1.85	-8.26	-9.27	-3.85	-6.20	-5.28	-7.46	-9.94	-5.21	-5.88	-2.21	-9.07	-4.97	-1.67	-0.99	-3.63	-1.65	-1.97	-4.18	5.26	4.55	2.28	1.95	9.59	8.59	3.42	
-6.24	-5.00	-4.61	-2.84	-0.64	-7.28	-7.73	-5.12	-6.77	-6.39	-5.44	-2.02	-7.25	-5.50	-9.39	-7.22	-1.68	-1.86	-7.89	-9.50	-8.66	-9.57	-4.36	-4.55	2.57	3.77	6.33	9.71	7.42	0.25	
-0.28	-0.87	-3.54	-1.70	-4.82	-3.62	-0.82	-7.09	-5.01	-5.75	-6.85	-3.66	-6.43	-3.21	-8.92	-7.55	-2.33	-3.16	-8.82	-0.43	-0.19	-1.82	-9.47	-2.28	-3.77	9.09	6.41	9.74	5.21	4.14	
-9.78	-4.08	-4.68	-3.91	-6.67	-0.64	-0.06	-3.74	-0.36	-6.41	-4.19	-3.42	-1.96	-2.77	-4.62	-4.93	-2.24	-9.76	-2.54	-3.56	-5.25	-8.66	-8.97	-1.95	-6.33	-6.41	1.95	0.21	9.50	5.31	
-4.12	-8.91	-8.46	-1.40	-1.27	-7.93	-2.87	-3.83	-6.75	-2.41	-1.11	-9.07	-6.22	-3.60	-2.69	-2.85	-2.50	-3.36	-8.91	-1.20	-6.05	-5.81	-5.26	-9.59	-9.71	-9.74	-0.21	5.54	8.31	8.64	
-1.12	-5.11	-2.73	-7.58	-0.27	-5.09	-5.94	-4.84	-1.90	-5.02	-2.93	-5.50	-9.09	-8.94	-7.88	-2.52	-1.13	-0.69	-6.32	-9.96	-2.56	-5.81	-6.47	-8.59	-7.42	-5.21	-9.50	-8.31	6.70	4.14	
-8.88	-1.69	-1.53	-7.71	-6.17	-2.71	-1.64	-9.68	-3.53	-8.80	-1.12	-7.65	-7.85	-0.94	-7.49	-0.43	-3.41	-2.11	-7.11	-7.93	-2.74	-8.45	-9.02	-3.42	-0.25	-4.14	-5.31	-8.64	-4.14	3.65	
2.94	8.65	5.60	9.47	8.09	1.23	4.99	4.97	4.26	3.58	1.99	6.31	5.57	2.21	0.72	9.02	8.56	4.15	2.86	0.40	1.39	5.27	5.22	2.79	6.24	0.28	9.78	4.12	1.12	8.88	
-8.65	6.98	1.81	3.49	6.95	8.55	0.81	2.95	8.57	5.04	7.84	3.40	0.98	7.52	7.03	3.63	5.28	2.29	4.35	1.00	4.66	5.15	1.65	1.27	5.00	0.87	4.08	8.91	5.11	1.69	
-5.60	-1.81	1.98	3.80	0.30	7.58	9.94	2.44	6.61	4.40	2.05	1.89	0.09	9.94	4.31	3.59	6.78	3.63	7.10	9.56	6.43	6.86	8.23	7.58	4.61	3.54	4.68	8.46	2.73	1.53	
-9.47	-3.49	-3.80	2.50	0.82	4.76	4.56	5.04	8.08	6.18	1.05	3.88	1.07	1.04	1.30	4.95	1.51	8.05	0.74	0.94	4.53	4.11	3.29	1.99	2.84	1.70	3.91	1.40	7.58	7.71	
-8.09	-6.95	-0.30	-0.82	5.02	2.16	5.13	0.64	5.49	7.59	6.67	6.98	7.58	9.78	9.61	6.57	7.41	7.56	9.28	3.25	6.80	5.50	4.83	1.85	0.64	4.82	6.67	1.27	0.27	6.17	
-1.23	-8.55	-7.58	-4.76	-2.16	9.04	5.46	6.90	8.35	0.71	7.04	9.98	7.39	9.84	3.13	4.77	9.73	5.72	2.24	1.42	3.26	3.90	7.49	8.26	7.28	3.62	0.64	7.93	5.09	2.71	
-4.99	-0.81	-9.94	-4.56	-5.13	-5.46	5.84	8.93	6.13	8.00	5.72	0.98	2.24	5.28	1.92	2.46	1.39	5.84	3.39	1.06	8.30	2.46	1.24	9.27	7.73	0.82	0.06	2.87	5.94	1.64	
-4.97	-2.95	-2.44	-5.04	-0.64	-6.90	-8.93	3.75	4.89	0.99	8.52	6.68	4.43	2.30	6.47	1.04	0.20	8.26	1.13	6.98	8.11	2.91	5.48	3.85	5.12	7.09	3.74	3.83	4.84	9.68	
-4.26	-8.57	-6.61	-8.08	-5.49	-8.35	-6.13	-4.89	5.15	7.96	0.85	6.66	4.04	1.31	0.07	5.64	3.82	5.99	1.19	8.24	9.16	6.47	0.95	6.20	6.77	5.01	0.36	6.75	1.90	3.53	
-3.58	-5.04	-4.40	-6.18	-7.59	-0.71	-8.00	-0.99	-7.96	4.37	2.59	7.49	2.68	7.27	6.58	6.88	5.39	8.68	9.03	4.27	3.02	4.58	5.71	5.28	6.39	5.75	6.41	2.41	5.02	8.80	
-1.99	-7.84	-2.05	-1.05	-6.67	-7.04	-5.72	-8.52	-0.85	-2.59	7.09	8.86	9.81	1.64	5.97	7.65	5.74	4.41	5.01	7.08	2.62	7.36	4.09	7.46	5.44	6.85	4.19	1.11	2.93	1.12	
-6.31	-3.40	-1.89	-3.88	-6.98	-9.98	-0.98	-6.68	-6.66	-7.49	-8.86	3.06	6.94	2.51	8.14	3.58	7.46	1.96	7.68	3.53	8.84	6.06	4.78	9.94	2.02	3.66	3.42	9.07	5.50	7.65	
-5.57	-0.98	-0.09	-1.07	-7.58	-7.39	-2.24	-4.43	-4.04	-2.68	-9.81	-6.94	5.92	2.29	1.13	3.62	3.35	9.54	0.56	1.10	0.24	8.96	6.12	5.21	7.25	6.43	1.96	6.22	9.09	7.85	
-2.21	-7.52	-9.94	-1.04	-9.78	-9.84	-5.28	-2.30	-1.31	-7.27	-1.64	-2.51	-2.29	7.31	8.61	4.27	5.07	8.31	5.25	5.22	6.27	8.69	9.50	5.88	5.50	3.21	2.77	3.60	8.94	0.94	
-0.72	-7.03	-4.31	-1.30	-9.61	-3.13	-1.92	-6.47	-0.07	-6.58	-5.97	-8.14	-1.13	-8.61	0.61	3.71	1.64	2.21	8.94	7.66	7.73	5.74	9.57	2.21	9.39	8.92	4.62	2.69	7.88	7.49	
-9.02	-3.63	-3.59	-4.95	-6.57	-4.77	-2.46	-1.04	-5.64	-6.88	-7.65	-3.58	-3.62	-4.27	-3.71	8.15	8.71	6.35	6.92	8.78	6.42	4.57	0.42	9.07	7.22	7.55	4.93	2.85	2.52	0.43	
-8.56	-5.28	-6.78	-1.51	-7.41	-9.73	-1.39	-0.20	-3.82	-5.39	-5.74	-7.46	-3.35	-5.07	-1.64	-8.71	8.45	8.13	9.46	4.36	3.30	5.03	1.30	4.97	1.68	2.33	2.24	2.50	1.13	3.41	
-4.15	-2.29	-3.63	-8.05	-7.56	-5.72	-5.84	-8.26	-5.99	-8.68	-4.41	-1.96	-9.54	-8.31	-2.21	-6.35	-8.13	6.66	1.97	9.56	3.41	4.14	9.35	1.67	1.86	3.16	9.76	3.36	0.69	2.11	
-2.86	-4.35	-7.10	-0.74	-9.28	-2.24	-3.39	-1.13	-1.19	-9.03	-5.01	-7.68	-0.56	-5.25	-8.94	-6.92	-9.46	-1.97	7.41	3.41	3.85	10.00	5.84	0.99	7.89	8.82	2.54	8.91	6.32	7.11	
-0.40	-1.00	-9.56	-0.94	-3.25	-1.42	-1.06	-6.98	-8.24	-4.27	-7.08	-3.53	-1.10	-5.22	-7.66	-8.78	-4.36	-9.56	-3.41	0.08	9.32	3.12	5.21	3.63	9.50	0.43	3.56	1.20	9.96	7.93	
-1.39	-4.66	-6.43	-4.53	-6.80	-3.26	-8.30	-8.11	-9.16	-3.02	-2.62	-8.84	-0.24	-6.27	-7.73	-6.42	-3.30	-3.41	-3.85	-9.32	3.01	2.94	2.69	1.65	8.66	0.19	5.25	6.05	2.56	2.74	
-5.27	-5.15	-6.86	-4.11	-5.50	-3.90	-2.46	-2.91	-6.47	-4.58	-7.36	-6.06	-8.96	-8.69	-5.74	-4.57	-5.03	-4.14	-10.00	-3.12	-2.94	8.23	8.44	1.97	9.57	1.82	8.66	5.81	5.81	8.45	
-5.22	-1.65	-8.23	-3.29	-4.83	-7.49	-1.24	-5.48	-0.95	-5.71	-4.09	-4.78	-6.12	-9.50	-9.57	-0.42	-1.30	-9.35	-5.84	-5.21	-2.69	-8.44	7.81	4.18	4.36	9.47	8.97	5.26	6.47	9.02	
-2.79	-1.27	-7.58	-1.99	-1.85	-8.26	-9.27	-3.85	-6.20	-5.28	-7.46	-9.94	-5.21	-5.88	-2.21	-9.07	-4.97	-1.67	-0.99	-3.63	-1.65	-1.97	-4.18	5.26	4.55	2.28	1.95	9.59	8.59	3.42	
-6.24	-5.00	-4.61	-2.84	-0.64	-7.28	-7.73	-5.12	-6.77	-6.39	-5.44	-2.02	-7.25	-5.50	-9.39	-7.22	-1.68	-1.86	-7.89	-9.50	-8.66	-9.57	-4.36	-4.55	2.57	3.77	6.33	9.71	7.42	0.25	
-0.28	-0.87	-3.54	-1.70	-4.82	-3.62	-0.82	-7.09	-5.01	-5.75	-6.85	-3.66	-6.43	-3.21	-8.92	-7.55	-2.33	-3.16	-8.82	-0.43	-0.19	-1.82	-9.47	-2.28	-3.77	9.09	6.41	9.74	5.21	4.14	
-9.78	-4.08	-4.68	-3.91	-6.67	-0.64	-0.06	-3.74	-0.36	-6.41	-4.19	-3.42	-1.96	-2.77	-4.62	-4.93	-2.24	-9.76	-2.54	-3.56	-5.25	-8.66	-8.97	-1.95	-6.33	-6.41	1.95	0.21	9.50	5.31	
-4.12	-8.91	-8.46	-1.40	-1.27	-7.93	-2.87	-3.83	-6.75	-2.41	-1.11	-9.07	-6.22	-3.60	-2.69	-2.85	-2.50	-3.36	-8.91	-1.20	-6.05	-5.81	-5.26	-9.59	-9.71	-9.74	-0.21	5.54	8.31	8.64	
-1.12	-5.11	-2.73	-7.58	-0.27	-5.09	-5.94	-4.84	-1.90	-5.02	-2.93	-5.50	-9.09	-8.94	-7.88	-2.52	-1.13	-0.69	-6.32	-9.96	-2.56	-5.81	-6.47	-8.59	-7.42	-5.21	-9.50	-8.31	6.70	4.14	
-8.88	-1.69	-1.53	-7.71	-6.17	-2.71	-1.64	-9.68	-3.53	-8.80	-1.12	-7.65	-7.85	-0.94	-7.49	-0.43	-3.41	-2.11	-7.11	-7.93	-2.74	-8.45	-9.02	-3.42	-0.25	-4.14	-5.31	-8.64	-4.14	3.65	
1	16506	15708
2	16259	16311
3	15603	15804
4	20542	18041
5	16522	16524
6	15745	15723
7	15659	18521
8	15819	15558
9	20714	17423
10	16114	16102
11	16843	15804
12	15955	16900
13	15644	15822
14	22247	17724
15	16346	15913
16	16956	15998
17	15761	15606
18	16803	17397
19	22084	17509
20	16006	15701
21	16072	16506
22	16130	16133
23	16780	16094
24	22668	17075
25	16691	15932
26	16616	16195
27	15823	15853
28	16427	17449
29	21421	18636
30	16060	127926
