Part 1: Decomposition

A(10,6):
2.90	0.55	4.74	-9.57	2.63	-7.83	
-6.61	1.03	-6.95	2.89	3.31	4.04	
1.17	1.63	3.61	-5.33	2.20	3.66	
-7.05	3.24	-6.75	-6.42	1.34	-6.40	
3.50	-5.75	3.97	-6.55	2.14	-6.22	
-5.55	-6.40	1.50	-9.34	-7.34	0.32	
-5.92	-9.02	0.24	1.54	-8.45	4.11	
0.25	-8.46	-9.01	4.55	2.19	2.78	
2.58	4.36	1.76	-5.65	2.14	0.57	
0.06	-6.48	-9.20	-8.33	-6.06	-6.87	

R(6,6):
13.71	3.74	8.57	-0.15	6.04	-3.36	
0.00	16.98	3.31	2.54	7.72	1.05	
0.00	0.00	15.23	-4.10	-3.52	2.14	
0.00	0.00	0.00	20.02	1.04	11.22	
0.00	0.00	0.00	0.00	9.53	-0.12	
0.00	0.00	0.00	0.00	0.00	10.01	

Q(10,6):
0.21	-0.01	0.20	-0.43	0.27	-0.26	
-0.48	0.17	-0.22	0.07	0.43	0.19	
0.09	0.08	0.17	-0.24	0.20	0.62	
-0.51	0.30	-0.22	-0.41	0.18	-0.34	
0.26	-0.39	0.20	-0.23	0.48	-0.27	
-0.40	-0.29	0.39	-0.35	-0.10	0.24	
-0.43	-0.44	0.35	0.20	-0.15	0.01	
0.02	-0.50	-0.49	0.19	0.42	0.23	
0.19	0.22	-0.04	-0.32	-0.05	0.46	
0.00	-0.38	-0.52	-0.47	-0.47	-0.01	

Q.T(6,10):
0.21	-0.48	0.09	-0.51	0.26	-0.40	-0.43	0.02	0.19	0.00	
-0.01	0.17	0.08	0.30	-0.39	-0.29	-0.44	-0.50	0.22	-0.38	
0.20	-0.22	0.17	-0.22	0.20	0.39	0.35	-0.49	-0.04	-0.52	
-0.43	0.07	-0.24	-0.41	-0.23	-0.35	0.20	0.19	-0.32	-0.47	
0.27	0.43	0.20	0.18	0.48	-0.10	-0.15	0.42	-0.05	-0.47	
-0.26	0.19	0.62	-0.34	-0.27	0.24	0.01	0.23	0.46	-0.01	

QTQ:
1.00	0.00	0.00	0.00	0.00	0.00	
0.00	1.00	0.00	0.00	0.00	0.00	
0.00	0.00	1.00	0.00	0.00	0.00	
0.00	0.00	0.00	1.00	0.00	0.00	
0.00	0.00	0.00	0.00	1.00	0.00	
0.00	0.00	0.00	0.00	0.00	1.00	
QR=A within eps=1e-6

Part 2: Solving linear equation systems

A2(8,8):
3.86	0.05	-8.88	0.72	-7.34	-6.89	2.54	1.82	
4.28	3.29	-9.40	3.17	3.43	-5.52	4.78	2.64	
-6.17	2.87	-7.38	-8.94	3.56	1.20	3.98	-7.77	
4.46	-9.89	4.26	0.93	-9.28	0.87	1.11	-7.58	
2.96	3.35	-7.67	-8.40	-5.21	-9.51	1.12	2.11	
2.01	0.37	-8.49	-9.27	4.95	-8.58	2.22	-6.61	
-5.78	-7.41	0.31	-6.33	0.94	-7.11	3.31	2.66	
-6.06	1.12	-6.25	-7.44	2.63	1.61	2.53	3.41	
B = 2.19  1.81  0.21  0.08  7.84  6.38  7.42  6.65  
R2(8,8):
13.20	-0.06	-1.03	8.63	-7.87	-5.14	-1.22	-0.81	
0.00	13.58	-9.79	-1.24	6.83	-0.33	-0.06	3.70	
0.00	0.00	17.70	12.33	0.43	13.17	-7.70	2.19	
0.00	0.00	0.00	10.74	0.79	3.89	1.68	5.40	
0.00	0.00	0.00	0.00	10.70	-1.34	0.88	-2.87	
0.00	0.00	0.00	0.00	0.00	8.99	0.27	-8.50	
0.00	0.00	0.00	0.00	0.00	0.00	2.34	-2.15	
0.00	0.00	0.00	0.00	0.00	0.00	0.00	7.85	
x=0.62  -0.53  -0.15  -0.89  0.20  0.15  0.16  0.65  
A*x=b within eps=1e-6
The elementwise difference :
9.76996261670138E-15
-8.65973959207622E-15
-5.27355936696949E-15
-5.98132654516803E-15
-1.15463194561016E-14
1.77635683940025E-15
-3.5527136788005E-15
4.44089209850063E-15
