Part 1: Decomposition

A(10,6):
-5.24	-8.56	-8.15	2.12	-9.32	2.83	
2.49	3.16	0.99	-5.60	-5.83	-8.16	
4.37	0.83	1.60	-6.83	3.32	1.70	
-6.50	4.13	3.69	1.97	3.56	-9.26	
-5.02	-5.70	-8.41	-6.07	-6.28	-7.97	
1.33	4.96	-9.90	-6.14	0.99	4.86	
-8.21	4.46	4.95	1.91	0.19	-6.11	
1.82	1.59	-8.98	4.44	-9.63	-9.37	
-5.30	-8.72	-5.67	3.71	2.94	3.37	
-7.67	3.27	-5.00	-8.88	-7.09	3.62	

R(6,6):
16.73	3.12	4.10	-0.28	4.68	3.97	
0.00	16.04	7.26	-4.62	2.60	-5.57	
0.00	0.00	18.58	6.08	10.75	-0.16	
0.00	0.00	0.00	14.78	0.58	-3.81	
0.00	0.00	0.00	0.00	13.85	8.80	
0.00	0.00	0.00	0.00	0.00	16.17	

Q(10,6):
-0.31	-0.47	-0.18	0.07	-0.34	0.29	
0.15	0.17	-0.05	-0.30	-0.45	-0.31	
0.26	0.00	0.03	-0.47	0.15	-0.15	
-0.39	0.33	0.15	0.17	0.20	-0.43	
-0.30	-0.30	-0.27	-0.40	-0.07	-0.58	
0.08	0.29	-0.67	-0.05	0.51	0.09	
-0.49	0.37	0.23	0.14	-0.07	-0.05	
0.11	0.08	-0.54	0.55	-0.35	-0.26	
-0.32	-0.48	-0.05	0.11	0.44	-0.09	
-0.46	0.29	-0.28	-0.40	-0.18	0.44	

Q.T(6,10):
-0.31	0.15	0.26	-0.39	-0.30	0.08	-0.49	0.11	-0.32	-0.46	
-0.47	0.17	0.00	0.33	-0.30	0.29	0.37	0.08	-0.48	0.29	
-0.18	-0.05	0.03	0.15	-0.27	-0.67	0.23	-0.54	-0.05	-0.28	
0.07	-0.30	-0.47	0.17	-0.40	-0.05	0.14	0.55	0.11	-0.40	
-0.34	-0.45	0.15	0.20	-0.07	0.51	-0.07	-0.35	0.44	-0.18	
0.29	-0.31	-0.15	-0.43	-0.58	0.09	-0.05	-0.26	-0.09	0.44	

QTQ:
1.00	0.00	0.00	0.00	0.00	0.00	
0.00	1.00	0.00	0.00	0.00	0.00	
0.00	0.00	1.00	0.00	0.00	0.00	
0.00	0.00	0.00	1.00	0.00	0.00	
0.00	0.00	0.00	0.00	1.00	0.00	
0.00	0.00	0.00	0.00	0.00	1.00	
QR=A within eps=1e-6

Part 2: Solving linear equation systems

A2(8,8):
4.41	-6.41	-6.88	3.01	4.27	0.87	-8.26	-8.23	
-9.83	-6.72	-8.61	-8.85	-6.73	4.59	3.94	-7.57	
0.15	1.97	0.28	0.59	-6.06	-9.03	0.77	-7.55	
2.31	-7.61	2.02	-6.53	-8.45	-7.71	-9.85	-9.32	
-7.36	1.33	-7.49	3.77	-9.23	-8.80	-7.31	-8.11	
-6.17	1.40	-9.53	-8.57	0.11	-6.80	-6.96	-8.33	
-9.42	0.11	3.12	3.03	-8.61	-6.50	-7.55	-5.38	
-5.64	-9.32	0.70	-6.64	-8.84	1.73	-9.76	2.12	
B = 6.86  9.28  1.49  5.40  7.09  0.17  8.33  1.34  
R2(8,8):
18.28	2.94	7.64	6.53	14.37	5.35	6.85	9.04	
0.00	15.17	2.32	8.38	6.42	-3.25	10.12	5.95	
0.00	0.00	14.80	2.12	-5.39	1.00	1.22	9.66	
0.00	0.00	0.00	12.41	-1.23	-0.71	-4.27	-1.63	
0.00	0.00	0.00	0.00	11.43	14.20	6.36	10.82	
0.00	0.00	0.00	0.00	0.00	9.46	13.28	7.54	
0.00	0.00	0.00	0.00	0.00	0.00	7.06	-6.88	
0.00	0.00	0.00	0.00	0.00	0.00	0.00	1.76	
x=0.59  2.11  0.42  -0.05  -1.41  2.76  -1.07  -1.90  
A*x=b within eps=1e-6
The elementwise difference :
3.5527136788005E-15
-1.77635683940025E-15
4.21884749357559E-15
-7.99360577730113E-15
-1.24344978758018E-14
5.60662627435704E-15
7.105427357601E-15
1.11022302462516E-15
