Part 1: Decomposition

A(10,6):
1.83	-5.29	2.29	-5.31	-8.30	-5.18	
-8.62	-5.89	-7.30	0.01	-8.44	0.58	
2.12	-7.30	2.44	-8.10	-8.86	2.97	
-5.49	0.18	3.52	-7.77	-7.47	-6.47	
-7.90	3.47	-8.08	3.71	3.44	2.07	
-6.70	3.13	4.09	-9.38	0.66	3.11	
-7.66	-6.89	3.75	1.10	0.92	4.15	
0.95	4.12	-5.13	-6.65	-7.76	-9.76	
-5.53	0.64	-7.25	2.19	2.38	-8.39	
0.06	4.05	-7.81	-5.80	-7.40	4.83	

R(6,6):
17.60	1.69	5.42	1.26	1.15	-0.24	
0.00	14.70	-6.39	0.69	6.95	-2.46	
0.00	0.00	15.58	-4.00	5.88	2.49	
0.00	0.00	0.00	17.94	16.64	3.75	
0.00	0.00	0.00	0.00	6.86	4.88	
0.00	0.00	0.00	0.00	0.00	15.74	

Q(10,6):
0.10	-0.37	-0.04	-0.30	-0.09	-0.28	
-0.49	-0.34	-0.44	-0.05	-0.30	0.15	
0.12	-0.51	-0.09	-0.46	0.41	0.11	
-0.31	0.05	0.35	-0.33	-0.58	-0.21	
-0.45	0.29	-0.24	0.17	0.08	0.14	
-0.38	0.26	0.50	-0.39	0.43	0.11	
-0.44	-0.42	0.22	0.16	0.06	0.10	
0.05	0.27	-0.24	-0.44	-0.15	-0.39	
-0.31	0.08	-0.32	0.07	0.43	-0.62	
0.00	0.27	-0.39	-0.42	0.00	0.51	

Q.T(6,10):
0.10	-0.49	0.12	-0.31	-0.45	-0.38	-0.44	0.05	-0.31	0.00	
-0.37	-0.34	-0.51	0.05	0.29	0.26	-0.42	0.27	0.08	0.27	
-0.04	-0.44	-0.09	0.35	-0.24	0.50	0.22	-0.24	-0.32	-0.39	
-0.30	-0.05	-0.46	-0.33	0.17	-0.39	0.16	-0.44	0.07	-0.42	
-0.09	-0.30	0.41	-0.58	0.08	0.43	0.06	-0.15	0.43	0.00	
-0.28	0.15	0.11	-0.21	0.14	0.11	0.10	-0.39	-0.62	0.51	

QTQ:
1.00	0.00	0.00	0.00	0.00	0.00	
0.00	1.00	0.00	0.00	0.00	0.00	
0.00	0.00	1.00	0.00	0.00	0.00	
0.00	0.00	0.00	1.00	0.00	0.00	
0.00	0.00	0.00	0.00	1.00	0.00	
0.00	0.00	0.00	0.00	0.00	1.00	
QR=A within eps=1e-6

Part 2: Solving linear equation systems

A2(8,8):
-7.09	4.92	2.45	-5.23	3.30	-5.31	-6.48	2.73	
-6.64	-9.32	0.43	1.97	-9.20	4.40	-9.24	-9.37	
-6.82	3.35	1.34	1.25	-5.71	-8.32	-8.17	2.79	
4.81	4.50	0.75	-5.69	-9.32	-6.60	-5.29	1.86	
-9.48	-8.92	4.00	-6.00	1.70	-5.71	0.81	-9.81	
0.17	-5.03	3.11	-6.19	0.21	-5.28	2.98	-7.97	
-9.13	0.68	-7.22	4.45	4.46	-6.16	-9.11	-8.76	
-6.74	-9.65	0.42	-8.79	4.57	0.79	3.40	0.05	
B = 4.03  8.56  2.48  0.29  0.40  3.25  7.67  1.11  
R2(8,8):
19.56	8.60	0.00	3.19	-2.85	7.03	9.75	10.43	
0.00	16.34	-2.72	4.86	0.51	-7.32	-8.69	9.17	
0.00	0.00	8.90	-9.04	-3.60	-4.67	2.40	3.59	
0.00	0.00	0.00	11.00	-4.28	6.10	-2.30	-1.50	
0.00	0.00	0.00	0.00	14.80	3.33	11.31	2.45	
0.00	0.00	0.00	0.00	0.00	9.28	-1.04	7.81	
0.00	0.00	0.00	0.00	0.00	0.00	3.95	7.78	
0.00	0.00	0.00	0.00	0.00	0.00	0.00	2.72	
x=2.78  -3.16  1.66  1.09  2.48  -1.28  -3.56  1.03  
A*x=b within eps=1e-6
The elementwise difference :
-7.105427357601E-15
-5.32907051820075E-15
-6.21724893790088E-15
-2.66453525910038E-15
1.32671651442706E-14
-1.77635683940025E-15
-2.66453525910038E-15
-1.99840144432528E-15
